datasetposff\Screenshot_1.jpg 25 631 275 66 69 680 222 43 42 712 279 26 32 750 332 21 23 718 359 29 27 724 414 51 43 826 412 77 74 887 410 31 39 901 365 36 38 879 359 13 13 866 337 11 11 843 346 11 10 1062 346 23 21 1076 364 25 22 1078 294 21 24 1046 244 28 27 964 167 41 39 871 241 29 29 870 285 20 18 1190 254 24 31 1264 372 29 33 1307 410 39 38 1478 404 53 56 1669 291 49 61 1450 210 42 53
datasetposff\Screenshot_10.jpg 28 341 400 43 56 340 515 59 65 602 340 34 41 833 470 26 25 933 520 50 46 564 518 42 45 777 393 28 32 882 346 28 28 901 305 34 33 1005 453 22 20 935 471 41 40 919 443 17 21 1032 447 12 13 1101 454 14 13 1081 383 26 22 1120 353 33 30 1162 444 14 13 1157 452 13 12 1143 468 17 14 1214 475 41 41 1246 509 104 96 1165 505 84 70 1265 446 26 27 1209 466 32 29 1317 330 34 35 1289 385 24 25 1455 348 88 81 1388 263 57 54
datasetposff\Screenshot_11.jpg 29 492 352 53 61 580 469 72 67 658 471 46 40 766 343 26 31 851 300 29 28 931 266 40 34 863 394 19 21 830 471 44 38 944 402 21 22 949 418 28 27 974 426 37 35 994 392 13 15 1045 402 14 10 1044 417 16 15 1031 473 47 41 1069 405 23 18 1011 338 22 22 1099 402 13 12 1121 394 16 14 1091 316 29 25 1213 346 23 24 1168 421 27 25 1221 432 41 32 1278 301 28 31 1286 470 38 39 1316 464 66 58 1425 258 46 50 1545 343 61 65 1454 475 72 64
datasetposff\Screenshot_12.jpg 27 950 534 15 15 914 520 13 11 930 462 21 18 991 444 26 22 852 401 34 27 760 425 26 22 691 463 26 27 597 417 35 36 463 472 46 46 552 567 53 52 597 573 43 40 771 534 28 22 779 507 20 20 859 507 14 15 869 520 18 16 898 538 36 31 936 574 39 38 965 522 11 11 979 512 14 14 1047 522 19 15 1064 533 21 26 1104 470 18 20 1094 543 29 29 1170 564 52 45 1264 570 62 53 1344 469 46 50 1157 578 30 33
datasetposff\Screenshot_13.jpg 29 549 493 45 50 628 590 55 51 682 597 36 37 685 442 28 37 774 489 24 26 861 533 16 18 888 557 21 24 957 535 15 13 934 543 20 18 893 450 28 24 925 419 32 27 1011 596 42 36 957 561 32 30 1010 543 14 13 1034 558 13 12 1062 543 10 11 1079 534 13 13 1070 463 27 22 1016 484 21 17 1143 559 26 20 1101 543 19 19 1185 491 21 19 1189 563 34 31 1234 450 25 28 1247 585 55 47 1234 599 39 32 1347 586 64 59 1427 485 53 53 1346 419 34 33
datasetposff\Screenshot_14.jpg 27 944 527 27 28 841 481 34 33 696 532 42 48 992 639 40 35 988 597 23 28 1041 574 19 24 1030 488 30 23 1065 407 41 34 1052 600 34 34 1074 585 20 20 1114 580 13 14 1176 585 11 13 1189 517 24 24 1228 585 14 14 1240 577 12 14 1235 601 13 11 1182 637 50 40 1353 596 30 27 1264 466 36 29 1403 524 18 17 1459 471 28 30 1590 417 51 42 1715 486 86 68 1611 622 89 61 1470 616 75 59 1496 599 51 35 1379 579 26 20
datasetposff\Screenshot_15.jpg 26 912 464 31 33 921 604 34 43 1027 570 30 23 987 502 27 29 1068 546 20 19 1057 463 24 25 1059 608 35 35 1163 572 32 30 1129 552 27 20 1184 552 12 15 1239 569 19 11 1235 555 16 10 1251 544 14 13 1372 569 31 21 1385 549 22 23 1292 463 30 21 1141 422 34 30 1223 491 25 22 1475 450 33 29 1414 494 28 22 1453 574 43 30 1494 608 42 37 1518 593 67 50 1645 596 86 61 1243 608 48 40 884 602 51 47
datasetposff\Screenshot_16.jpg 27 925 515 55 46 792 471 39 37 769 445 31 24 742 466 31 25 818 434 19 18 883 448 13 12 917 465 15 16 940 448 14 13 960 439 17 14 852 374 28 27 798 260 46 40 750 329 32 34 1170 343 31 36 1011 449 20 22 1060 468 31 25 1332 296 44 55 1457 384 55 61 1385 511 72 66 1237 509 61 57 1202 519 41 40 420 511 84 72 492 516 55 48 1102 389 24 25 487 311 49 46 611 375 33 35 297 374 73 69 711 517 36 45
datasetposff\Screenshot_17.jpg 27 955 531 11 15 930 530 24 23 891 522 15 12 858 419 30 28 904 406 38 31 955 460 25 23 998 548 17 18 1003 555 43 37 1010 533 13 10 1029 521 15 17 1118 532 27 23 1149 560 43 37 1013 600 53 46 784 601 46 43 800 550 27 26 803 515 25 28 1284 601 48 42 1334 589 69 61 1258 424 32 33 1426 382 38 44 1563 463 62 64 1486 593 83 75 589 402 41 44 419 465 54 62 525 597 71 67 592 601 47 44 1054 450 28 26
datasetposff\Screenshot_18.jpg 20 945 520 33 37 1039 458 52 57 1124 547 69 79 830 656 35 35 893 667 43 42 848 633 17 15 827 642 20 14 768 641 12 14 736 519 33 31 572 653 36 32 557 634 30 25 472 619 24 27 472 660 47 41 530 713 64 62 253 714 59 57 284 546 38 40 16 457 61 55 906 576 27 27 455 427 54 49 436 502 39 29
datasetposff\Screenshot_19.jpg 22 500 487 120 108 483 435 35 30 505 405 22 26 598 418 26 22 635 347 26 20 493 294 35 30 368 232 45 41 275 340 35 35 143 493 63 53 413 442 49 40 360 494 55 51 731 497 49 43 757 448 43 35 795 437 27 27 790 420 21 23 860 413 12 12 855 425 13 8 823 321 71 79 724 411 17 16 696 313 29 29 851 235 54 54 880 305 32 32
datasetposff\Screenshot_2.jpg 28 442 465 86 73 530 464 40 47 717 464 47 41 496 253 52 48 617 320 32 30 681 277 33 27 713 375 22 24 763 406 27 25 785 389 28 18 832 414 39 37 816 380 12 13 871 389 11 11 896 404 17 13 926 389 8 11 944 382 13 12 950 461 48 45 980 389 24 21 976 290 31 29 814 220 39 38 1079 332 21 25 1048 409 29 25 1156 289 31 33 1153 420 32 31 1202 460 41 45 1274 455 64 58 1340 244 43 55 1488 332 58 64 1443 467 71 68
datasetposff\Screenshot_20.jpg 26 1297 489 111 110 1421 318 74 85 1262 228 60 64 1189 448 40 39 1120 484 83 76 997 440 37 27 977 417 14 11 957 426 16 10 906 420 24 22 892 439 16 16 844 414 12 13 857 349 23 23 912 269 37 31 1060 360 23 25 1112 302 35 37 747 437 34 23 687 421 23 23 666 407 24 27 588 440 45 43 521 497 59 46 244 494 67 61 507 341 41 33 284 257 53 53 586 119 64 70 694 294 31 30 1106 497 44 46
datasetposff\Screenshot_21.jpg 25 817 471 53 48 1067 469 63 57 1109 410 22 15 1131 392 24 23 1168 386 12 13 1150 394 11 8 1027 387 17 11 1101 316 27 22 1162 281 35 29 1307 324 24 27 1254 412 34 27 1347 420 47 41 990 417 44 41 986 394 24 20 923 410 35 30 903 379 26 28 852 275 27 26 778 325 32 31 591 470 52 51 371 473 96 93 319 308 67 81 1417 470 61 56 1088 393 16 13 1392 263 37 36 954 207 47 43
datasetposff\Screenshot_3.jpg 25 949 334 58 62 932 252 43 47 903 293 30 29 893 338 23 21 833 390 26 22 817 410 32 23 778 464 77 70 736 456 64 58 766 421 41 36 771 405 19 16 817 383 12 11 811 391 12 9 758 388 13 12 687 382 13 11 648 389 28 20 585 415 43 36 531 375 25 26 489 407 30 24 494 279 28 30 95 462 54 50 338 460 52 45 533 462 53 46 746 311 26 27 738 325 21 22 361 320 35 33
datasetposff\Screenshot_4.jpg 20 923 470 116 106 826 456 91 73 1008 415 45 40 1131 290 74 86 1043 195 56 61 967 270 30 28 937 323 23 20 865 403 31 29 846 386 24 19 791 402 17 15 783 384 14 14 712 374 16 15 559 383 21 21 533 368 27 24 515 400 37 29 542 463 64 58 391 408 48 41 334 300 38 38 286 462 64 52 314 69 77 70
datasetposff\Screenshot_5.jpg 30 294 467 126 110 132 279 98 90 435 214 56 59 588 303 34 35 694 461 58 53 770 398 37 33 785 409 44 40 756 382 26 22 700 369 28 25 723 255 37 31 803 149 57 50 886 311 24 23 823 375 17 15 881 387 10 9 902 402 14 14 933 383 13 13 959 378 13 13 978 386 24 21 971 463 58 56 1068 405 30 28 1098 324 22 28 1002 257 35 34 1240 414 42 41 1261 463 55 43 1191 273 30 33 1436 203 52 65 1393 456 80 74 1662 466 95 99 1670 298 65 82 441 461 72 63
datasetposff\Screenshot_6.jpg 23 795 286 83 87 820 225 50 53 868 368 20 24 908 399 33 29 885 462 61 55 937 383 23 22 984 384 16 13 1014 377 20 13 1007 400 16 16 1075 463 102 94 1123 408 43 41 1017 261 33 30 1062 313 25 22 1134 192 46 45 1207 275 31 31 1182 385 25 22 1251 326 27 22 1261 402 30 31 1403 274 29 35 1354 459 55 54 1466 416 40 37 1585 459 51 47 1773 216 51 60
datasetposff\Screenshot_7.jpg 29 375 332 47 67 482 461 78 61 510 271 51 49 617 328 32 30 711 379 21 23 541 462 41 44 709 460 45 39 782 419 35 31 758 390 22 20 826 382 12 14 788 288 32 29 788 225 47 41 859 329 21 19 877 390 12 13 889 406 15 15 929 391 12 10 938 394 21 21 949 383 16 14 915 459 40 39 1021 413 24 23 1053 340 24 22 957 295 32 24 1260 272 35 45 1122 301 24 29 1140 424 29 31 1140 463 38 35 1182 456 55 47 1306 465 56 54 1368 354 40 46
datasetposff\Screenshot_8.jpg 24 1349 423 128 109 1250 409 86 78 1408 360 53 40 1285 344 35 33 1233 324 31 26 1208 323 17 16 1205 341 17 17 1143 316 13 14 1168 252 25 22 1176 189 42 38 991 212 32 33 990 413 56 51 900 360 42 36 993 348 27 26 972 317 17 23 1010 329 25 19 827 269 27 30 802 408 45 45 613 409 42 44 640 213 38 46 369 288 52 59 377 416 68 69 1287 315 14 11 1272 323 11 13
datasetposff\Screenshot_9.jpg 22 886 457 25 38 632 519 26 47 579 610 28 61 996 621 35 43 1134 613 54 54 1190 571 42 40 1242 576 126 120 1376 552 20 19 1284 546 20 21 1269 432 32 27 1150 384 39 34 1094 497 25 31 1678 327 150 106 1709 234 110 72 1478 415 43 30 1468 463 28 26 1552 540 16 14 1581 556 70 52 1541 610 85 61 1576 539 34 30 1748 542 20 13 1757 527 21 16
